
This is internal_simpleMPC_solver_1, a primal-dual interior point solver generated by FORCES PRO.
Problem size: 81 variables, 57 equality and 108 inequality constraints in 4 stage(s)
(c) embotech GmbH, Zurich, Switzerland, 2013-2017. All rights reserved. Email: info@embotech.com

   #it  res_eq  res_ineq     pobj         dobj       dgap     rdgap     mu
  ---------------------------------------------------------------------------
    0  1.7e+00  1.0e+03  +0.0000e+00  -5.3204e+04  +5.3e+04  1.0e+06  1.0e+06
    1  8.7e-03  5.0e+00  +1.2684e+00  -5.3211e+04  +5.3e+04  4.2e+04  5.5e+03
    2  4.4e-05  2.5e-02  +5.2488e+00  -4.6986e+04  +4.7e+04  9.0e+03  4.6e+02
    3  2.2e-07  1.2e-04  +5.2880e+00  -2.3684e+03  +2.4e+03  4.5e+02  2.2e+01
    4  1.2e-08  6.8e-06  +4.9776e+00  -1.2896e+02  +1.3e+02  2.7e+01  1.2e+00
    5  3.2e-09  1.8e-06  +2.6389e+00  -3.8210e+01  +4.1e+01  1.5e+01  3.8e-01
    6  3.3e-10  1.9e-07  +7.6039e-01  -6.2863e+00  +7.0e+00  9.3e+00  6.5e-02
    7  4.8e-11  2.8e-08  +2.2203e-01  -1.2321e+00  +1.5e+00  6.5e+00  1.3e-02
    8  7.1e-12  4.0e-09  +6.8590e-02  -2.5291e-01  +3.2e-01  4.7e+00  3.0e-03
    9  3.9e-13  2.2e-10  +1.8465e-02  -3.3782e-02  +5.2e-02  2.8e+00  4.8e-04
   10  2.5e-15  1.1e-12  +4.5908e-03  -5.6303e-03  +1.0e-02  2.2e+00  9.5e-05
   11  4.8e-15  5.8e-15  +1.1422e-03  -1.3956e-03  +2.5e-03  2.2e+00  2.3e-05
   12  2.8e-14  2.2e-16  +2.8263e-04  -3.5276e-04  +6.4e-04  2.2e+00  5.9e-06
   13  3.0e-14  2.2e-16  +6.9369e-05  -8.9447e-05  +1.6e-04  2.3e+00  1.5e-06
   14  1.2e-13  2.2e-16  +1.6921e-05  -2.2510e-05  +3.9e-05  2.3e+00  3.7e-07
   15  6.5e-14  2.2e-16  +4.1594e-06  -5.4924e-06  +9.7e-06  2.3e+00  8.9e-08
   16  6.0e-14  2.2e-16  +1.0657e-06  -1.2512e-06  +2.3e-06  2.2e+00  2.1e-08
   17  8.8e-14  2.2e-16  +3.0534e-07  -2.5869e-07  +5.6e-07  1.8e+00  5.2e-09

OPTIMAL (within RESEQ=1.0e-06, RESINEQ=1.0e-06, (R)DGAP=(1.0e-06)1.0e-04, MU=1.0e-06).
Solve time: 2.611 ms (17 iterations)

